vehicles
vehicle_idx, capacity, cost_per_unit_distance
0,54,4
1,80,4
depot
node_idx,x,y
0,386,467
home delivery customers
node_idx,x,y,service_time,demand
1,633,120,15,11
2,132,331,15,14
3,466,815,15,12
4,552,255,15,17
5,570,146,15,12
self pickup customers
node_idx,x,y,service_time,demand,locker_idxs
6,106,305,15,17,11-13-12
7,445,740,15,20,13-12-11
8,530,163,15,15,11-12-13
9,666,268,15,6,12-11-13
10,503,121,15,9,11-12-13
flexible customers
node_idx,x,y,service_time,demand,locker_idxs
lockers
node_idx,x,y,service_time,capacity,cost_per_unit_good
11,455,775,30,26,1
12,105,327,15,26,1
13,585,193,15,26,1
mrt lines
start_node_idx,end_node_idx,freight_capacity,cost_per_unit_good
11,12,54,10
distance matrix
,0,1,2,3,4,5,6,7,8,9,10,11,12,13,
0,0.0,425.93,288.12,357.08,269.26,370.0,323.49,279.3,336.38,343.51,365.25,315.63,313.94,338.64
1,425.93,0.0,543.62,714.78,157.44,68.15,558.53,647.88,111.62,151.63,130.0,678.76,567.13,87.37
2,288.12,543.62,0.0,588.06,426.82,475.47,36.77,515.02,432.0,537.7,426.31,549.06,27.29,473.55
3,357.08,714.78,588.06,0.0,566.57,677.04,624.26,77.88,655.13,582.42,694.99,41.48,607.01,633.28
4,269.26,157.44,426.82,566.57,0.0,110.48,448.79,496.66,94.59,114.74,142.68,528.97,452.76,70.24
5,370.0,68.15,475.47,677.04,110.48,0.0,490.49,607.01,43.46,155.24,71.51,639.43,498.98,49.34
6,323.49,558.53,36.77,624.26,448.79,490.49,0.0,551.49,447.15,561.22,437.57,585.41,22.02,491.92
7,279.3,647.88,515.02,77.88,496.66,607.01,551.49,0.0,583.23,521.18,621.71,36.4,534.95,564.63
8,336.38,111.62,432.0,655.13,94.59,43.46,447.15,583.23,0.0,171.82,49.93,616.58,455.54,62.65
9,343.51,151.63,537.7,582.42,114.74,155.24,561.22,521.18,171.82,0.0,219.49,549.15,564.09,110.39
10,365.25,130.0,426.31,694.99,142.68,71.51,437.57,621.71,49.93,219.49,0.0,655.76,448.15,109.12
11,315.63,678.76,549.06,41.48,528.97,639.43,585.41,36.4,616.58,549.15,655.76,0.0,568.51,596.34
12,313.94,567.13,27.29,607.01,452.76,498.98,22.02,534.95,455.54,564.09,448.15,568.51,0.0,498.35
13,338.64,87.37,473.55,633.28,70.24,49.34,491.92,564.63,62.65,110.39,109.12,596.34,498.35,0.0
