vehicles
vehicle_idx, capacity, cost_per_unit_distance
0,52,4
1,79,4
depot
node_idx,x,y
0,553,498
home delivery customers
node_idx,x,y,service_time,demand
1,770,548,15,13
2,385,755,15,6
3,897,377,15,20
4,883,406,15,5
5,885,377,15,18
self pickup customers
node_idx,x,y,service_time,demand,locker_idxs
flexible customers
node_idx,x,y,service_time,demand,locker_idxs
6,133,242,15,15,11-12-13
7,169,252,15,17,11-12-13
8,973,268,15,15,13-12-11
9,816,396,15,5,13-12-11
10,890,269,15,16,13-12-11
lockers
node_idx,x,y,service_time,capacity,cost_per_unit_good
11,878,417,30,26,1
12,383,758,15,26,1
13,149,247,15,26,1
mrt lines
start_node_idx,end_node_idx,freight_capacity,cost_per_unit_good
11,12,0,10
distance matrix
,0,1,2,3,4,5,6,7,8,9,10,11,12,13,
0,0.0,222.69,307.04,364.66,342.58,353.36,491.87,456.04,478.85,282.09,407.44,334.94,310.64,475.62
1,222.69,0.0,437.12,213.0,181.47,206.07,706.69,669.94,345.85,158.81,303.71,169.78,440.31,690.1
2,307.04,437.12,0.0,636.42,608.12,626.8,571.55,547.42,763.49,560.93,700.87,597.74,3.61,560.14
3,364.66,213.0,636.42,0.0,32.2,12.0,775.84,738.65,132.88,83.2,108.23,44.28,639.81,759.21
4,342.58,181.47,608.12,32.2,0.0,29.07,767.72,730.42,164.75,67.74,137.18,12.08,611.48,751.02
5,353.36,206.07,626.8,12.0,29.07,0.0,764.02,726.83,140.09,71.57,108.12,40.61,630.21,747.39
6,491.87,706.69,571.55,775.84,767.72,764.02,0.0,37.36,840.4,700.15,757.48,765.28,573.37,16.76
7,456.04,669.94,547.42,738.65,730.42,726.83,37.36,0.0,804.16,662.83,721.2,727.95,549.39,20.62
8,478.85,345.85,763.49,132.88,164.75,140.09,840.4,804.16,0.0,202.57,83.01,176.71,766.94,824.27
9,282.09,158.81,560.93,83.2,67.74,71.57,700.15,662.83,202.57,0.0,146.99,65.46,564.39,683.44
10,407.44,303.71,700.87,108.23,137.18,108.12,757.48,721.2,83.01,146.99,0.0,148.49,704.39,741.33
11,334.94,169.78,597.74,44.28,12.08,40.61,765.28,727.95,176.71,65.46,148.49,0.0,601.09,748.56
12,310.64,440.31,3.61,639.81,611.48,630.21,573.37,549.39,766.94,564.39,704.39,601.09,0.0,562.03
13,475.62,690.1,560.14,759.21,751.02,747.39,16.76,20.62,824.27,683.44,741.33,748.56,562.03,0.0
